0.0
1.2103508583106019e-232
3.851910528540176e-191
7.653177920777006e-159
1.467856323310186e-153
3.3305875169802757e-134
4.39441314702562e-100
1.5173023911674837e-97
1.6573752445201796e-96
2.029894916928509e-94
2.2935564045273434e-82
1.3649191304864093e-80
1.4030014377712458e-73
5.0186954046404176e-73
4.882118822379604e-70
1.7558774862749943e-65
5.721910501699504e-65
1.1954574244028766e-63
2.2965502142008516e-59
8.368118133183732e-59
1.4724797882562366e-58
9.199546193701178e-58
6.06357767049527e-52
4.554073011653862e-50
1.3991680349522923e-49
2.874847440722519e-47
2.938171455947186e-46
2.3170514129374718e-45
4.3562476787877556e-45
1.882386588447844e-44
1.46471203809736e-43
1.009478810702474e-42
6.841082147814317e-42
2.0424970922541072e-41
1.0101180100322831e-38
3.1357050801985166e-37
3.247840347174791e-37
1.5971579868054143e-36
6.591263865727869e-36
6.784941777562386e-36
9.988109573605504e-36
1.2054401356514009e-34
1.2054401356514009e-34
1.1836033262138824e-33
1.060885036879481e-32
1.060885036879481e-32
4.78433231796838e-32
6.891542963023051e-32
1.0252542974548387e-31
4.076147988575447e-31
7.540149043785647e-31
9.249172122064057e-31
4.099461027460837e-30
1.2683393204706815e-29
3.8444054398647217e-28
2.4958443957506313e-27
3.40237386046666e-27
1.1344587544362082e-26
2.2185391408172016e-26
4.7467619541074713e-26
5.220446397174061e-26
1.7247706743618144e-25
1.917571422908292e-25
2.2947908604825208e-24
2.03960365835306e-23
2.1242467303253707e-23
2.943709724354694e-23
4.009513691678471e-23
1.2778084065595013e-22
1.3095535269664171e-22
1.8659482267266738e-22
2.978097072072036e-22
3.571185873893952e-22
7.472283902059637e-22
8.140263796145669e-22
1.0569900934968235e-21
3.1438107713955863e-21
4.220565192063076e-21
1.048077621898694e-20
1.426279084837036e-20
1.426279084837036e-20
2.3281503590647182e-20
3.088270566676397e-20
3.5546916395461885e-20
4.604599358323056e-20
5.975247197029995e-20
7.334593224500699e-20
1.8798251345395406e-19
4.169347412558081e-19
1.2716223691257662e-18
3.74407450592924e-18
2.404553749476292e-17
4.748138413193242e-17
5.744326556610625e-17
5.752401568962161e-17
6.738527167329139e-16
2.782337828080541e-15
1.2380594793618037e-14
3.7134685719393124e-14
4.977139074520878e-14
9.610977527263698e-14
1.6013404618072355e-13
2.1353323567918784e-13
2.387908246938814e-13
2.801052026901015e-13
3.3113791534589016e-13
3.4635368921620554e-13
3.630865975497893e-13
5.770575518996893e-13
6.85009016197066e-13
8.295085464117696e-13
9.659949204374551e-13
2.908637525633234e-12
3.1839011492484786e-12
3.927730937427395e-12
6.664320960254542e-12
7.160585145405015e-12
1.3766346669809753e-11
2.206342329071398e-11
3.209788530597212e-11
3.580478441267861e-11
4.578514356100607e-11
6.830929297240464e-11
6.840172663654153e-11
6.840172663654153e-11
1.4392670341713269e-10
2.2248769836999629e-10
2.472812474054543e-10
3.2171800270240106e-10
4.090870466680543e-10
5.764258288942245e-10
6.457197982884664e-10
7.267800146136093e-10
1.2556471000321695e-09
1.286449097651488e-09
1.4034817565732029e-09
2.7900716805887757e-09
3.6995729849377574e-09
4.091004231238692e-09
4.216182065026459e-09
6.427782359005835e-09
7.064829074121287e-09
9.170162612804426e-09
1.0965947667697706e-08
1.8342336147281514e-08
1.9594625310437103e-08
2.0364064023245367e-08
2.997756632926368e-08
2.997756632926368e-08
2.997756632926368e-08
3.053796021930994e-08
3.415273217221911e-08
3.430547830581059e-08
3.506457167470638e-08
3.857685217936112e-08
4.259609811255884e-08
6.020182704896411e-08
6.183354408411242e-08
6.408893871791132e-08
6.744518138123921e-08
7.847664509969344e-08
9.26904090226057e-08
1.0331075836089607e-07
1.1899736674542315e-07
1.2364778762961864e-07
1.2398763942382744e-07
1.2699347609344757e-07
1.3974923379952294e-07
1.5716161251650651e-07
2.240109889864935e-07
3.015392551566848e-07
3.045958116803245e-07
3.045958116803245e-07
3.5187607221249287e-07
3.696907403947335e-07
4.618016903727725e-07
5.036891297074144e-07
5.036891297074144e-07
5.036891297074144e-07
5.17002607282785e-07
9.189250952142805e-07
9.44567198291676e-07
1.0063282172818504e-06
1.4352406050919203e-06
1.5573698272295546e-06
2.0430978215940983e-06
2.083954502633469e-06
2.11043592974592e-06
2.427543268470273e-06
2.5328563222358018e-06
3.058050150197098e-06
3.2179701137398103e-06
3.4589281910191865e-06
3.6060244635005403e-06
3.6346399891110977e-06
3.6740973435823922e-06
3.8109626642097344e-06
3.944000648975331e-06
4.754068242360021e-06
4.902902069719241e-06
4.979075799300551e-06
5.079837738466263e-06
6.1430848089355314e-06
6.45098650348222e-06
6.478973859508656e-06
6.498189094070058e-06
6.498189094070058e-06
6.657924013685501e-06
6.791388654700347e-06
6.803944707140766e-06
6.914255674128564e-06
7.698982320712206e-06
7.710873192510908e-06
8.011464734021828e-06
8.875315965749759e-06
9.105615270871647e-06
9.208883989437628e-06
9.277688154297458e-06
9.974827690961259e-06
1.0655241567064363e-05
1.0810955732018989e-05
1.0810955732018989e-05
1.0908047249364236e-05
1.1123615935703276e-05
1.1276090635253372e-05
1.2321947081761702e-05
1.2766284546718518e-05
1.2959152719435096e-05
1.312092474292662e-05
1.3291448553652526e-05
1.3298970998840026e-05
1.4839543470103155e-05
1.4839543470103155e-05
1.4839543470103155e-05
1.5694249787955513e-05
1.6055423633279225e-05
1.6881623978237647e-05
1.90703054511856e-05
1.9309648250624205e-05
2.1158924738143827e-05
2.1252585763307653e-05
2.204605123939565e-05
2.476263248225644e-05
2.596150289005241e-05
2.596150289005241e-05
2.666118693094549e-05
2.669847266545707e-05
2.787419254364272e-05
3.0450945730885326e-05
3.116884945878271e-05
3.1267009534475955e-05
3.173859618780981e-05
3.2655835985571334e-05
3.2704279343486294e-05
3.332724945579022e-05
3.5699890806529505e-05
3.5699890806529505e-05
3.594523162966237e-05
3.634101249773477e-05
3.7007168679557904e-05
3.7007168679557904e-05
3.824195801959349e-05
4.223210264020719e-05
4.252125077389451e-05
4.412120756753797e-05
4.501190319165463e-05
4.827756857491684e-05
4.827756857491684e-05
4.844038679284869e-05
4.932090230852162e-05
4.932090230852162e-05
4.932090230852162e-05
4.932090230852162e-05
4.989981492357128e-05
5.0139952894640976e-05
5.1257973197666836e-05
5.271597742618178e-05
5.438641904911986e-05
5.504170579092205e-05
5.504623647882438e-05
5.581075523076245e-05
5.581075523076245e-05
5.581075523076245e-05
5.6853110572687575e-05
5.954326340232186e-05
6.069821402905848e-05
6.165209639959015e-05
6.420260517626429e-05
6.561845436672832e-05
6.699990703974866e-05
6.971446632666582e-05
7.083932419634995e-05
7.163127883411811e-05
7.163127883411811e-05
7.238426171751898e-05
8.807615517762718e-05
9.105674261711192e-05
9.289303508784648e-05
9.289303508784648e-05
9.706343856710962e-05
9.767678713707368e-05
0.00010280190274564356
0.00010303198793098444
0.00010371980595923204
0.00010373419896881174
0.00010574247633206031
0.00010908266522579665
0.00012123178785427263
0.00012386309265625028
0.00012461647009478344
0.00013168621408487355
0.00013436219846628565
0.0001376119195674839
0.00013915482385525277
0.00014274041561663307
0.0001429882382937506
0.0001441035948921992
0.00014439933216054202
0.00015471728840744172
0.00015581306308090292
0.00015581306308090292
0.00015686107773003413
0.00017282442912638197
0.00018567970814449048
0.00019077509905897176
0.0002136580106262308
0.00021798356194123447
0.00022837958048285963
0.00022914887536650707
0.00022914887536650707
0.00022914887536650707
0.00022996031757576264
0.00023222706106020116
0.00023813284800201616
0.0002587015647824544
0.00025930228136301984
0.0002593326171146816
0.000266489073510139
0.0002931709489941693
0.00030100422153686715
0.00030429512361904686
0.00030429512361904686
0.00031127049657532046
0.00031127049657532046
0.00031331109813539763
0.00031487949752680795
0.00032415188566344103
0.00032986333007406287
0.000334536673710453
0.00033630887216370373
0.00033630887216370373
0.00034448146982182115
0.0003478960520295437
0.00035216085403197016
0.0003623214537355023
0.0003869758586477253
0.00040858329245922786
0.0004291120698523697
0.000472449092243013
0.0004893600728657554
0.0004925016529317709
0.0004925016529317709
0.0005057652888121153
0.0005301908095183539
0.0005313008942761046
0.0005985995646332992
0.0006224136890635461
0.0006347320387134397
0.0006349284893113317
0.0006365984520708128
0.0006885868946650647
0.0007048684281687022
0.0007075698054560885
0.0007195516314299548
0.0007470714884558402
0.0007816237802931124
0.0008049428513863802
0.0008159184206083975
0.0010473522982227083
0.001048649900003217
0.001056453172962359
0.001056453172962359
0.0010610241881364288
0.0010653656938135066
0.0011107406002680712
0.001161812796780644
0.0012187498072066135
0.0012680933417588672
0.0012788391835487573
0.0013007488434837525
0.0013092856360582901
0.0013415020923767526
0.0013832129991130258
0.0013874555724356732
0.001448756714201271
0.0015241756926318482
0.0015253112637240134
0.0015361769633244113
0.0015402832008957208
0.0015511098289902447
0.0015511098289902447
0.001728697912203521
0.001728697912203521
0.0017543681272451047
0.0017901255053625984
0.0017901255053625984
0.001805604286890675
0.001846172419428634
0.0019386611363381284
0.001982073187841731
0.0020227866254634327
0.0020388922912336844
0.0021042308807140407
0.0021077206297642308
0.0021396017901794137
0.0021482750282987924
0.0021482750282987924
0.0021615092215230497
0.002208962200542317
0.0023357798409732204
0.0023713290225945587
0.0023854296200114845
0.002505657922794748
0.0025663667729106795
0.002667301827326073
0.0026863198871021608
0.00280316081714271
0.00280316081714271
0.0028648041468718865
0.002888412512637944
0.00302021061925024
0.0030379623607655
0.003045327197674064
0.0031914849820388696
0.0031914849820388696
0.0031914849820388696
0.0032838761533089656
0.0032838761533089656
0.0032838761533089656
0.003373136471173433
0.003377248125513609
0.003405438456144727
0.0035186777596776493
0.0035329133334722936
0.0035329133334722936
0.003557052876682255
0.003576101261172369
0.003580206068555689
0.0036814360484230383
0.0036814360484230383
0.003726477703600808
0.0037656580857760844
0.0038352029282520354
0.003884854949252993
0.003937255280523224
0.004176815279459085
0.004265586302465668
0.004283756171881986
0.004283756171881986
0.004617607062571064
0.004727987175064567
0.004738181828152285
0.004775152536350736
0.004775152536350736
0.004937388457356425
0.00494102880982374
0.00494102880982374
0.005083779029582826
0.005169873436449754
0.005197211244613526
0.0052047684235550775
0.005249822448510162
0.005249822448510162
0.005249822448510162
0.005249822448510162
0.005511682755120984
0.005610259695651629
0.005649413639589214
0.005683622066016197
0.005724851955487781
0.005808976029588778
0.005904268853217487
0.00597759727967666
0.0060044561426969
0.006131711815405878
0.006465637173525154
0.00659331977342061
0.00659331977342061
0.00659331977342061
0.0067499818012595105
0.0067499818012595105
0.006924026068506111
0.006935535825481315
0.0069447251266190795
0.006984276388160798
0.007207973466460702
0.007407010239625493
0.007600030524536944
0.007641003210772961
0.007778661806753334
0.007778661806753334
0.007778661806753334
0.007778661806753334
0.00791316853088676
0.008226297014809843
0.008377469811181919
0.008383264248368869
0.008383264248368869
0.008670930683403301
0.009098044831437205
0.009098044831437205
0.0091027664129045
0.009226683377278859
0.009265871184734287
0.009567720484427273
0.009663136651536015
0.009701342913889998
0.009704770702796331
0.0097662069623609
0.0097662069623609
0.010014833101944813
0.010100243625221238
0.010100243625221238
0.010100243625221238
0.010114671307052169
0.010145068540490826
0.010232316538493895
0.010254689899763863
0.010254689899763863
0.010750538037721087
0.011052163059452587
0.011488697760789908
0.011488697760789908
0.011488697760789908
0.011488697760789908
0.011733256861972987
0.011733256861972987
0.011831296263222414
0.011831296263222414
0.012065405060464466
0.01220326928334072
0.01220326928334072
0.012399732593664649
0.013074598350285276
0.013074598350285276
0.013406379975535196
0.013406379975535196
0.013406379975535196
0.013728388417258234
0.013826108148338512
0.01395612156909092
0.01395612156909092
0.01395612156909092
0.014146974214563676
0.015250561063128285
0.01526137848692125
0.015405700018069297
0.015502273829244434
0.015975398121866224
0.01608864483189032
0.01617759308964366
0.016433841065248134
0.0169072494832071
0.0169072494832071
0.0169072494832071
0.0169072494832071
0.0169072494832071
0.0169072494832071
0.0169072494832071
0.0169072494832071
0.017066983324659682
0.017224337948193117
0.0174175191278235
0.0174175191278235
0.0174175191278235
0.0174175191278235
0.01796192349523219
0.017971756841286195
0.01842111559072681
0.0185654406096826
0.01862681479531532
0.01862681479531532
0.01862681479531532
0.01878727423317191
0.01898509536839716
0.01898509536839716
0.01898509536839716
0.01898509536839716
0.019006504452269403
0.019006504452269403
0.019006504452269403
0.019134188145955286
0.019245747576630383
0.019245747576630383
0.019245747576630383
0.019245747576630383
0.019245747576630383
0.019245747576630383
0.020853311071924285
0.021039347928100208
0.021039347928100208
0.02109530593843196
0.02109530593843196
0.02109530593843196
0.021291756612088455
0.021416192059176616
0.0216396073078451
0.02186381578803248
0.0219566482634108
0.0230816950694724
0.0230816950694724
0.0230816950694724
0.0230816950694724
0.0230816950694724
0.0230816950694724
0.02324671196151432
0.023902221881177518
0.024325606719104373
0.02453483946424559
0.024607429907035717
0.024780418949114598
0.024780418949114598
0.024780418949114598
0.024780418949114598
0.024780418949114598
0.024780418949114598
0.024780418949114598
0.024780418949114598
0.024780418949114598
0.024780418949114598
0.024780418949114598
0.02497082072361724
0.02497082072361724
0.02597180394922202
0.0260011016686007
0.026394815578984092
0.026394815578984092
0.026394815578984092
0.026394815578984092
0.026394815578984092
0.026394815578984092
0.02667481533981824
0.026744956995280136
0.026744956995280136
0.026744956995280136
0.026744956995280136
0.026744956995280136
0.026744956995280136
0.026744956995280136
0.027066996374724463
0.027160072736285863
0.0272332193208748
0.027410961030549512
0.027410961030549512
0.027870155339911825
0.027870155339911825
0.027870155339911825
0.028145257978690573
0.029727584450788325
0.030417854461505793
0.03102787771996613
0.03150485739331545
0.03150485739331545
0.03150485739331545
0.032079611754923645
0.032079611754923645
0.032079611754923645
0.03238419237926758
0.03238419237926758
0.032974191213794815
0.03312792691765923
0.0331381286124443
0.033391007151176086
0.033391007151176086
0.033391007151176086
0.033391007151176086
0.033391007151176086
0.034001176607235194
0.035120382892831946
0.03534246739071397
0.03551302236692238
0.03551302236692238
0.03551302236692238
0.03598393880173988
0.03598393880173988
0.03598393880173988
0.03598393880173988
0.03598393880173988
0.036152011423686535
0.036152011423686535
0.036152011423686535
0.036152011423686535
0.036152011423686535
0.036152011423686535
0.036152011423686535
0.036152011423686535
0.03639334590739048
0.03639334590739048
0.036789959105700966
0.03745894943942449
0.03745894943942449
0.03745894943942449
0.03745894943942449
0.03745894943942449
0.03745894943942449
0.038507789660101925
0.03891036524563112
0.03939833152171232
0.03940795292526501
0.03971429944137885
0.03972483353160913
0.039848470254554916
0.039848470254554916
0.040231569015632684
0.040256072219074186
0.04158200854156023
0.04183292739859697
0.04183292739859697
0.04183292739859697
0.04183314522722861
0.04301049023158885
0.04307819174858414
0.04317480536168585
0.044371471114329125
0.044371471114329125
0.044371471114329125
0.04457505388368265
0.04531534249078526
0.04531534249078526
0.045358177135458484
0.04621373797917938
0.04656553166620318
0.048158118643041516
0.04855865824077503
0.04873824412929822
0.04873824412929822
0.04873824412929822
0.04873824412929822
0.04873824412929822
0.04873824412929822
0.04873824412929822
0.051247055713685
0.051873417205824834
0.051873417205824834
0.051873417205824834
0.051873417205824834
0.051873417205824834
0.051873417205824834
0.051873417205824834
0.051873417205824834
0.051873417205824834
0.05212783567490157
0.05212783567490157
0.05212783567490157
0.05212783567490157
0.05212783567490157
0.05212783567490157
0.052296580547967264
0.05246183482156232
0.05246183482156232
0.05246183482156232
0.05246183482156232
0.05246183482156232
0.05246183482156232
0.05246183482156232
0.05246183482156232
0.05246183482156232
0.05246183482156232
0.05320373346267465
0.053270013377408484
0.05483911124238422
0.056910678183108486
0.057491579841341664
0.058565621590508765
0.058565621590508765
0.058565621590508765
0.058565621590508765
0.058565621590508765
0.058565621590508765
0.05857778527744925
0.060250174228832665
0.060250174228832665
0.06055390328644555
0.06136090645199908
0.06273114436297689
0.06417151572789243
0.06417151572789243
0.06417151572789243
0.06420537150340787
0.06444895570993935
0.06444895570993935
0.06490758037689967
0.06554426512712584
0.06554426512712584
0.06554426512712584
0.06554426512712584
0.06655689445175056
0.06707175285763198
0.06707175285763198
0.06707175285763198
0.06707175285763198
0.06768477893414535
0.06823267679363412
0.06830737339233002
0.07201943574396293
0.07201943574396293
0.07201943574396293
0.07201943574396293
0.07201943574396293
0.07201943574396293
0.07201943574396293
0.07201943574396293
0.07201943574396293
0.07201943574396293
0.07201943574396293
0.07201943574396293
0.07201943574396293
0.07201943574396293
0.07201943574396293
0.07234672799483519
0.07300687296778226
0.07357697241155609
0.07432449924859455
0.07442739482932745
0.07442739482932745
0.07442739482932745
0.07442739482932745
0.07545517594575082
0.07566011803257916
0.07566011803257916
0.07566011803257916
0.07566011803257916
0.07566011803257916
0.07566011803257916
0.07566011803257916
0.07566011803257916
0.07566011803257916
0.07566011803257916
0.07566011803257916
0.07566011803257916
0.07566011803257916
0.07566011803257916
0.07635116866688589
0.07673771249860517
0.07673771249860517
0.07722715644110947
0.07730414631623628
0.07842024485840599
0.08079518655659368
0.08079518655659368
0.08079683245736037
0.08200624075632111
0.08209610963018818
0.08425218400539496
0.08534463017688737
0.08564894470340012
0.08577144903626938
0.08609723417375037
0.08609723417375037
0.08609723417375037
0.08745758084938235
0.08745758084938235
0.08745758084938235
0.08857430564881133
0.09068765325456926
0.0908044246251244
0.0908044246251244
0.0908044246251244
0.09113283739408996
0.09113283739408996
0.09396073153472824
0.09396073153472824
0.09512748390943487
0.09630257830231367
0.09869577004291444
0.09869577004291444
0.09869577004291444
0.09869577004291444
0.09869577004291444
0.09869577004291444
0.09869577004291444
0.09869577004291444
0.09898586326127956
0.09898586326127956
0.09898586326127956
0.09975546543969324
0.09975546543969324
0.09975546543969324
0.09975546543969324
0.09975546543969324
0.09975546543969324
0.09975546543969324
0.09975546543969324
