3.0378306258894396e-66
1.5772295976837061e-58
1.6961839618933672e-56
1.434634214939757e-53
1.4349252797703204e-47
1.0728960511101795e-40
1.2222647644220254e-40
2.149220003338346e-34
3.200877385831778e-34
3.732630266941621e-30
4.733472316841493e-30
1.4428947714124403e-29
2.1226256619835338e-27
1.2571847921299591e-24
1.7328287716508515e-24
2.9197877428528045e-24
4.6599788329730946e-23
7.51985535146033e-23
3.0730318166943703e-22
7.4895829569747325e-22
4.038992323454968e-18
7.988743214264159e-17
4.538153088564199e-16
9.9554013814974e-16
1.8807512907070412e-15
7.003863407231603e-15
3.722203901656062e-14
3.90629610131511e-14
6.40603672303559e-14
2.1727932329140995e-13
2.531351818093685e-13
3.5619037861381294e-13
1.062343131680383e-12
1.246444505403087e-12
1.4093111758032225e-12
1.4107362379762643e-12
3.984938848799697e-12
5.016900412841921e-12
6.194668416087878e-12
6.971096234748676e-12
1.4440321420531946e-11
2.949586568177843e-11
3.820028528853081e-11
9.043543457272709e-11
1.0128207815967186e-10
1.1687221088958793e-10
1.524517103914477e-10
2.3694418582698146e-10
2.375095272511215e-10
3.438610936710868e-10
6.482032753137463e-10
1.0635164486979654e-09
2.5782499697996953e-09
2.677794947162793e-09
3.156048056539212e-09
4.332872768703928e-09
5.116450461314655e-09
2.0404015866217033e-08
2.63417490314394e-08
2.8727468101384997e-08
2.9164636863386788e-08
3.001511055140938e-08
4.259362302226075e-08
4.5542650330506916e-08
5.957974811612573e-08
6.044222875869973e-08
6.356656070115705e-08
6.467736623672875e-08
6.654679727710754e-08
6.830483171526395e-08
8.288921494673643e-08
8.942212286561109e-08
8.962975361803872e-08
1.2528433905749385e-07
1.4339827743828902e-07
1.6906022200710617e-07
2.175494143670112e-07
2.207640131598747e-07
2.6455014829766467e-07
2.7753554824839467e-07
2.9243132284889595e-07
2.9355444656841693e-07
3.939578260729874e-07
4.817197737682782e-07
7.860010847530119e-07
8.521873133651696e-07
9.743308074230944e-07
1.0390995378291678e-06
1.2061706434868948e-06
1.2594539910089672e-06
1.2847919398590706e-06
1.575064994638853e-06
1.6042696663629728e-06
1.610926285986146e-06
1.7449019236444446e-06
1.7476668945273288e-06
1.7723247062984112e-06
1.7856937505391999e-06
2.0711460188727953e-06
2.0894129419589333e-06
2.2345669303257475e-06
2.4464699744959246e-06
2.4893087034880984e-06
2.7877407466478347e-06
3.1303029081061174e-06
3.2583907572615543e-06
3.267707965940202e-06
3.839751431087804e-06
4.091081338774099e-06
4.1928726267741285e-06
4.556899483722158e-06
4.873438905600555e-06
4.882547977362691e-06
5.106056238710901e-06
5.684804185166225e-06
5.684804185166225e-06
6.252011228529678e-06
6.252011228529678e-06
7.0007261199429935e-06
7.508555549423655e-06
7.971306528448273e-06
8.056309602468402e-06
8.401281987371463e-06
8.548542773713729e-06
8.980427702934029e-06
9.29481898605688e-06
9.29481898605688e-06
1.0205024571700695e-05
1.2432289190166633e-05
1.3209701540669334e-05
1.412614352904508e-05
1.4638406075168021e-05
1.5145242918436836e-05
1.689219252993059e-05
1.739342498297637e-05
1.832796988173775e-05
1.850066438221056e-05
1.936975795725863e-05
1.936975795725863e-05
1.936975795725863e-05
2.110211687700093e-05
2.1623867513930882e-05
2.212042835096077e-05
2.3924810128242976e-05
2.5372355561801915e-05
2.6014114877121994e-05
2.680408938479531e-05
3.0145326460137383e-05
3.0145326460137383e-05
3.0145326460137383e-05
3.0145326460137383e-05
3.121969552230498e-05
3.145483693311669e-05
3.146285994130071e-05
3.146285994130071e-05
3.146285994130071e-05
3.606519071405429e-05
3.612479343032424e-05
3.929611439011982e-05
3.929611439011982e-05
4.285849590734475e-05
5.014161670448692e-05
5.0950060873044105e-05
5.0950060873044105e-05
5.0950060873044105e-05
5.137406231436276e-05
5.555191630638501e-05
5.6778474882711216e-05
6.251548005717331e-05
6.636813721847084e-05
6.636813721847084e-05
6.942516217794164e-05
6.951532124803599e-05
6.951532124803599e-05
6.961390753747927e-05
7.711653778434757e-05
7.711653778434757e-05
8.388587701138383e-05
8.784786688750262e-05
8.784786688750262e-05
0.00010299032567027795
0.00010918867888970896
0.00011135823038600483
0.00012232994616481155
0.00012443078005691273
0.0001281576591843744
0.00013912022176414005
0.00015678296208952063
0.0001572943568538208
0.000174639032387914
0.000174639032387914
0.00017561550124749493
0.00017732161328388592
0.00017732161328388592
0.00018141357691093112
0.00019205267845516955
0.00019968661725475601
0.0002118798745744021
0.00022444612494550538
0.00022444612494550538
0.0002424308620218919
0.0002429625761504348
0.00024511688061203715
0.00024849943906822547
0.00024849943906822547
0.0002567813148970996
0.0002567813148970996
0.0002567813148970996
0.000264157492167023
0.0002699594616352544
0.0002699594616352544
0.0002699594616352544
0.00027399797010751634
0.0002789115441237373
0.00032975027208907617
0.00033940220383151703
0.00034508528469108784
0.00036304062135260974
0.000370790361050054
0.00038975375498886137
0.000391775507325129
0.000391775507325129
0.00039640587796942265
0.00039640587796942265
0.00039640587796942265
0.00039640587796942265
0.0004088415905701311
0.00041660610551004837
0.00041660610551004837
0.00041660610551004837
0.0004191178606439055
0.0004571447262677241
0.00045981598075916553
0.0004766022469742667
0.00048402029462249246
0.0004983243607436516
0.0005140686722962288
0.0005140686722962288
0.0005338146471631983
0.0005405403448356063
0.0005933657563527762
0.0005933657563527762
0.000641742344265168
0.0006866266726512328
0.0006994663884009688
0.0007077061261831428
0.0007077061261831428
0.0007298837925652961
0.0007656697199768468
0.0007660866297068452
0.0007660866297068452
0.0007666451982157697
0.0007812153455289329
0.0007905424825111131
0.0008024573735277646
0.0008180421670109339
0.0008211091538269702
0.0008488448879262454
0.0008857891879857946
0.0008857891879857946
0.0008857891879857946
0.0008857891879857946
0.0009363896413448458
0.0009416957027553076
0.0009456435221162137
0.0009865827469711255
0.0009865827469711255
0.0009865827469711255
0.0009865827469711255
0.0010044655932463116
0.0010315214133900868
0.0010315214133900868
0.0010315214133900868
0.0010315214133900868
0.0010315214133900868
0.0010681455167562207
0.0011004482563911002
0.0011004482563911002
0.0011446800043582064
0.0011446800043582064
0.0013184841833137266
0.0013184841833137266
0.0013184841833137266
0.0013184841833137266
0.0013184841833137266
0.0013184841833137266
0.0013353666073563676
0.0013753980000520741
0.0013774786619615027
0.0013774786619615027
0.0013983484018820394
0.0014984757596238755
0.0014984757596238755
0.0015134353856596544
0.0015134353856596544
0.0015134353856596544
0.0015134353856596544
0.0015134353856596544
0.0015445652210693136
0.0015445652210693136
0.0017036654345388722
0.0017036654345388722
0.0018773283090978696
0.0018820698429684816
0.0019563958661139333
0.0019563958661139333
0.0019980299562909185
0.0019986453661465725
0.00203806666566118
0.0021597185251539465
0.0021597185251539465
0.0021690447834235567
0.0021690447834235567
0.0021690447834235567
0.0021690447834235567
0.0021690447834235567
0.002217585489247745
0.002217585489247745
0.002217585489247745
0.002217585489247745
0.002217585489247745
0.002217585489247745
0.002308729146687945
0.002316112444891961
0.002316112444891961
0.002316112444891961
0.002316112444891961
0.002316112444891961
0.002316112444891961
0.002344271089607528
0.002414054635810149
0.002617579101290349
0.002747507255347628
0.0028030237809700976
0.0028030237809700976
0.0028030237809700976
0.0028030237809700976
0.0028931047319667
0.0030078217854938864
0.0030078217854938864
0.0031026641047899343
0.003127702163994923
0.003127702163994923
0.003127702163994923
0.003127702163994923
0.003127702163994923
0.003127702163994923
0.003127702163994923
0.003136320780278243
0.0031377495550077303
0.003456755104142952
0.003535201501682407
0.003535201501682407
0.003634041562271258
0.0036507597301680852
0.003839169538370817
0.003839169538370817
0.004071171949203367
0.004171318961635608
0.004171318961635608
0.00418379786850461
0.004197517683946166
0.004262566572615973
0.004262566572615973
0.004262566572615973
0.004262566572615973
0.004262566572615973
0.00449158081591684
0.00449158081591684
0.00449158081591684
0.00449158081591684
0.00449158081591684
0.00449158081591684
0.00449158081591684
0.00449158081591684
0.00449158081591684
0.00449158081591684
0.00449158081591684
0.00449158081591684
0.004513489007236386
0.004687613656987714
0.004687613656987714
0.0047363282618737
0.0048667983661315655
0.005044891479775944
0.005235485045571593
0.005235485045571593
0.005315219925665314
0.005315219925665314
0.005380259576466547
0.005380259576466547
0.005380259576466547
0.005380259576466547
0.005380259576466547
0.005380259576466547
0.005380259576466547
0.005380259576466547
0.005380259576466547
0.00542690444862782
0.005534686341313787
0.005703901386639471
0.005745281894397688
0.0057591061947805935
0.0057591061947805935
0.00583176425963804
0.005966612417598992
0.005966612417598992
0.0061483046700548435
0.006192458926000072
0.006192458926000072
0.006192458926000072
0.0062551091344939065
0.0062551091344939065
0.0062551091344939065
0.0062551091344939065
0.0062551091344939065
0.0062551091344939065
0.006299970593891676
0.006366618933217159
0.006421777645287936
0.006421777645287936
0.006421777645287936
0.006421777645287936
0.006421777645287936
0.006774573179612559
0.0070674633426487405
0.007106987544239937
0.007173444381769755
0.007913744293364684
0.007913744293364684
0.008161703099001112
0.008161703099001112
0.008161703099001112
0.008161703099001112
0.008161703099001112
0.008161703099001112
0.008161703099001112
0.008161703099001112
0.008427815035413238
0.008427815035413238
0.008639982102549952
0.008639982102549952
0.008639982102549952
0.008639982102549952
0.008639982102549952
0.008639982102549952
0.008713226033990258
0.008992341611041055
0.009137830504206478
0.009137830504206478
0.009138867447842848
0.009138867447842848
0.009138867447842848
0.009138867447842848
0.009138867447842848
0.009138867447842848
0.009138867447842848
0.009138867447842848
0.009138867447842848
0.009317345673289578
0.0096009724503534
0.0096009724503534
0.00969975415211628
0.00969975415211628
0.009914645651559684
0.01065709158648661
0.010714272504628563
0.010820038640037902
0.010820038640037902
0.010908960389710384
0.01109022209833314
0.01109022209833314
0.011219694361778129
0.011291244588637716
0.011795119835699952
0.011992913401995679
0.011992913401995679
0.012335980788578716
0.012335980788578716
0.012335980788578716
0.012335980788578716
0.012335980788578716
0.012335980788578716
0.012335980788578716
0.012335980788578716
0.012335980788578716
0.012335980788578716
0.012335980788578716
0.012335980788578716
0.012335980788578716
0.012335980788578716
0.012335980788578716
0.012335980788578716
0.012904148743819942
0.012904148743819942
0.012935824896722532
0.012935824896722532
0.012935824896722532
0.012935824896722532
0.012935824896722532
0.013110683642772241
0.013287913956107627
0.013287913956107627
0.013287913956107627
0.013287913956107627
0.013287913956107627
0.013287913956107627
0.013287913956107627
0.013287913956107627
0.01333341965776392
0.013971874696376726
0.014179049208904709
0.014714947737595713
0.014714947737595713
0.014714947737595713
0.014714947737595713
0.014860355038753026
0.014860355038753026
0.015153456736810306
0.015584824010180312
0.01602941996130659
0.016555310999860382
0.016555310999860382
0.016555310999860382
0.016555310999860382
0.016555310999860382
0.016555310999860382
0.016555310999860382
0.016555310999860382
0.0167936341970285
0.017250509386081657
0.017250509386081657
0.017312114503294014
0.017946418599700968
0.01821036450585032
0.01821036450585032
0.01821036450585032
0.01821036450585032
0.01821036450585032
0.01821036450585032
0.01821036450585032
0.01833762353609307
0.018519959223038927
0.018568395647510776
0.018568395647510776
0.018568395647510776
0.018568395647510776
0.018568395647510776
0.018568395647510776
0.018568395647510776
0.018568395647510776
0.018568395647510776
0.019036369064388874
0.019218195136314453
0.019218195136314453
0.019218195136314453
0.019218195136314453
0.019218195136314453
0.019218195136314453
0.019218195136314453
0.019218195136314453
0.019218195136314453
0.019218195136314453
0.019218195136314453
0.019218195136314453
0.019218195136314453
0.01957691207617572
0.01977962901401936
0.0198985887145263
0.0198985887145263
0.020616904430996192
0.021362403872316985
0.021689241835844857
0.021689241835844857
0.021867497919337647
0.022469935306600162
0.0226321179100066
0.022718094798236933
0.022718094798236933
0.022718094798236933
0.022718094798236933
0.022718094798236933
0.022718094798236933
0.022718094798236933
0.022718094798236933
0.0229295984176762
0.0229295984176762
0.023592577684208374
0.025463941211784046
0.025463941211784046
0.025480164558317128
0.025480164558317128
0.025480164558317128
0.025480164558317128
0.02564497159084852
0.026745811120219596
0.026745811120219596
0.02693986453519926
0.027545682217135957
0.027545682217135957
0.027631807758991003
0.027631807758991003
0.027631807758991003
0.027631807758991003
0.027631807758991003
0.027631807758991003
0.027631807758991003
0.027631807758991003
0.027631807758991003
0.027631807758991003
0.027631807758991003
0.027631807758991003
0.027631807758991003
0.027631807758991003
0.027631807758991003
0.027631807758991003
0.02777477957084944
0.027818344646620724
0.027818344646620724
0.027818344646620724
0.027818344646620724
0.027818344646620724
0.027818344646620724
0.027818344646620724
0.027818344646620724
0.027818344646620724
0.027818344646620724
0.027818344646620724
0.027818344646620724
0.027818344646620724
0.027818344646620724
0.027818344646620724
0.027818344646620724
0.02805774999190069
0.02805774999190069
0.02805774999190069
0.02805774999190069
0.0280729303544233
0.028528117963485526
0.02891725641916433
0.03018857125102854
0.030195988911934805
0.03029458412863382
0.03029458412863382
0.03097629825987302
0.03097629825987302
0.03097629825987302
0.03097629825987302
0.03097629825987302
0.03097629825987302
0.032558650277779634
0.033394134627310314
0.033698599986518536
0.035124454038420294
0.035124454038420294
0.035416161998832095
0.035416161998832095
0.035416161998832095
0.035416161998832095
0.035416161998832095
0.035416161998832095
0.035416161998832095
0.035416161998832095
0.035416161998832095
0.035416161998832095
0.035416161998832095
0.035416161998832095
0.035416161998832095
0.03541704009745678
0.035717380911827204
0.035717380911827204
0.035717380911827204
0.035717380911827204
0.036084861707485316
0.036084861707485316
0.036084861707485316
0.036084861707485316
0.036084861707485316
0.036084861707485316
0.03840934046749171
0.03840934046749171
0.0394687857688013
0.0394687857688013
0.0394687857688013
0.0394687857688013
0.0394687857688013
0.0394687857688013
0.0394687857688013
0.0394687857688013
0.0394687857688013
0.0394687857688013
0.0394687857688013
0.0394687857688013
0.0394687857688013
0.0394687857688013
0.039769212458500236
0.04126063920742591
0.04145102521110481
0.04145102521110481
0.04145102521110481
0.04145102521110481
0.04145102521110481
0.04145102521110481
0.04145102521110481
0.04145102521110481
0.04145102521110481
0.04145102521110481
0.04145102521110481
0.04145102521110481
0.04145102521110481
0.04145102521110481
0.04145102521110481
0.04145102521110481
0.04145102521110481
0.04145102521110481
0.04145102521110481
0.04145102521110481
0.04145102521110481
0.04145102521110481
0.04145102521110481
0.04145102521110481
0.04145102521110481
0.04145102521110481
0.04145102521110481
0.041778327868954857
0.0419457927482932
0.0419457927482932
0.0419457927482932
0.0419457927482932
0.0419457927482932
0.043212059244118216
0.043212059244118216
0.043212059244118216
0.04357667863364227
0.04357667863364227
0.0458439124946288
0.04612467245663489
0.04612467245663489
0.04612467245663489
0.047369229994104006
0.047369229994104006
0.047369229994104006
0.04886960103629219
0.04886960103629219
0.04886960103629219
0.04886960103629219
0.04886960103629219
0.04886960103629219
0.04886960103629219
0.049251969877530236
0.05063615130757517
0.05063615130757517
0.05185229327322194
0.05185229327322194
0.05185229327322194
0.05185229327322194
0.05185229327322194
0.05185229327322194
0.05185229327322194
0.05493414023203105
0.055127930453737
0.05554596370840844
0.055962884801298116
0.055962884801298116
0.055962884801298116
0.055962884801298116
0.055962884801298116
0.055962884801298116
0.055962884801298116
0.055962884801298116
0.055962884801298116
0.055962884801298116
0.055962884801298116
0.055962884801298116
0.055962884801298116
0.055962884801298116
0.055962884801298116
0.055962884801298116
0.055962884801298116
0.055962884801298116
0.055962884801298116
0.055962884801298116
0.055962884801298116
0.055962884801298116
0.055962884801298116
0.055962884801298116
0.055962884801298116
0.055962884801298116
0.055962884801298116
0.056376814780530776
0.056376814780530776
0.05857891449523357
0.05857891449523357
0.06105809815421071
0.06105809815421071
0.06105809815421071
0.06137630590432884
0.06137630590432884
0.06137630590432884
0.06137630590432884
0.06137630590432884
0.06137630590432884
0.06137630590432884
0.06137630590432884
0.06137630590432884
0.06137630590432884
0.06137630590432884
0.06137630590432884
0.06137630590432884
0.06137630590432884
0.06137630590432884
0.06137630590432884
0.06137630590432884
0.06137630590432884
0.06137630590432884
0.06137630590432884
0.06137630590432884
0.06137630590432884
0.06137630590432884
0.06137630590432884
0.06137630590432884
0.06137630590432884
0.06137630590432884
0.06137630590432884
0.06137630590432884
0.06137630590432884
0.06137630590432884
0.06137630590432884
0.06137630590432884
0.06137630590432884
0.06137630590432884
0.06137630590432884
0.06137630590432884
0.06235747141114417
0.06235747141114417
0.06235747141114417
0.06421615411215173
0.06469210264211643
0.06554759388280358
0.06689533332830186
0.06689533332830186
0.06689533332830186
0.06689533332830186
0.06689533332830186
0.06689533332830186
0.06689533332830186
0.06711787518214354
0.06711787518214354
0.06711787518214354
0.06711787518214354
0.06729761838869337
0.06831436275188513
0.06867174638850918
0.06867174638850918
0.06895041047625812
0.06897896595360595
0.07090013411716302
0.07090013411716302
0.07090013411716302
0.07090013411716302
0.07090013411716302
0.07389307367117795
0.07516015176647611
0.07516015176647611
0.07516015176647611
0.07806905677267595
0.07806905677267595
0.07806905677267595
0.07869306414125916
0.07869306414125916
0.07869306414125916
0.07869306414125916
0.07869306414125916
0.07869306414125916
0.07869306414125916
0.07869306414125916
0.07869306414125916
0.07869306414125916
0.07869306414125916
0.07869306414125916
0.07869306414125916
0.07869306414125916
0.07869306414125916
0.07869306414125916
0.07869306414125916
0.07869306414125916
0.07869306414125916
0.07869306414125916
0.07869306414125916
0.07869306414125916
0.08048953283776664
0.08048953283776664
0.08121772526691819
0.08121772526691819
0.08121772526691819
0.08143597290583113
0.08143597290583113
0.08143597290583113
0.0814377725772833
0.08169253400923726
0.08195353565687911
0.08195353565687911
0.08367864849722652
0.08620872693837339
0.08620872693837339
0.08620872693837339
0.08620872693837339
0.08620872693837339
0.08982769011797485
0.08982769011797485
0.08982769011797485
0.09020654391203144
0.09020654391203144
0.09020654391203144
0.09020654391203144
0.09020654391203144
0.09020654391203144
0.09020654391203144
0.09020654391203144
0.09020654391203144
0.09020654391203144
0.09020654391203144
0.09020654391203144
0.09020654391203144
0.09020654391203144
0.09020654391203144
0.09020654391203144
0.09020654391203144
0.09020654391203144
0.09020654391203144
0.09020654391203144
0.09020654391203144
0.09020654391203144
0.09020654391203144
0.09020654391203144
0.09020654391203144
0.09020654391203144
0.09020654391203144
0.09020654391203144
0.09020654391203144
0.09020654391203144
0.09020654391203144
0.09020654391203144
0.09020654391203144
0.09020654391203144
0.09020654391203144
0.09020654391203144
0.09020654391203144
0.09020654391203144
0.09020654391203144
0.09020654391203144
0.09020654391203144
0.09076235715012756
0.09076235715012756
0.09076235715012756
0.09076235715012756
0.09076235715012756
0.09076235715012756
0.09076235715012756
0.09076235715012756
0.09076235715012756
0.09076235715012756
0.09076235715012756
0.09076235715012756
0.09076235715012756
0.09076235715012756
0.09076235715012756
0.09076235715012756
0.09076235715012756
0.09076235715012756
0.09076235715012756
0.0925476770989954
0.0925476770989954
0.09455783594289777
0.09455783594289777
0.09496259428732748
0.09600097720136276
0.09600097720136276
0.09600097720136276
0.09600097720136276
0.09698663942225233
0.09748881325436784
0.09781365488295836
0.09790838849925032
0.09790838849925032
0.0983605663520005
0.0993199974221205
0.0993199974221205
0.0993199974221205
0.0993199974221205
0.0993199974221205
0.0993199974221205
0.0993199974221205
0.0993199974221205
0.0993199974221205
0.0993199974221205
0.0993199974221205
